positive\10.jpg 1 359 133 54 51
positive\100.jpg 1 267 147 120 88
positive\103.jpg 1 329 227 89 104
positive\105.jpg 1 205 235 125 103
positive\111.jpg 1 289 163 98 84
positive\113.jpg 1 182 302 109 94
positive\114.jpg 1 308 316 94 134
positive\116.jpg 1 302 200 89 76
positive\118.jpg 1 238 284 111 91
positive\12.jpg 1 346 274 49 78
positive\121.jpg 1 184 277 116 117
positive\123.jpg 1 222 206 99 88
positive\125.jpg 1 300 285 98 105
positive\128.jpg 1 298 205 101 103
positive\13.jpg 1 381 86 60 65
positive\130.jpg 1 312 169 74 56
positive\131.jpg 0
positive\132.jpg 0
positive\133.jpg 1 309 189 49 56
positive\135.jpg 1 302 306 57 56
positive\138.jpg 1 212 288 53 57
positive\139.jpg 1 283 279 64 84
positive\142.jpg 1 288 123 48 52
positive\143.jpg 0
positive\145.jpg 1 251 141 50 49
positive\146.jpg 1 311 262 46 74
positive\148.jpg 1 311 198 49 56
positive\149.jpg 1 233 211 61 66
positive\151.jpg 1 241 167 47 55
positive\152.jpg 1 306 191 44 63
positive\16.jpg 1 356 89 53 60
positive\1626696477.4801908.jpg 0
positive\1626696478.4727309.jpg 0
positive\1626696478.5046453.jpg 0
positive\1626696478.5685112.jpg 1 240 228 62 83
positive\1626696478.6006048.jpg 1 244 185 66 82
positive\1626696478.6801257.jpg 1 248 111 68 80
positive\1626696478.7120404.jpg 1 259 95 67 71
positive\1626696478.7758715.jpg 1 271 68 64 70
positive\1626696478.8078058.jpg 1 282 74 61 67
positive\1626696478.8719585.jpg 1 291 95 68 84
positive\1626696478.9046478.jpg 1 301 119 61 95
positive\1626696478.9687703.jpg 1 310 210 65 101
positive\1626696479.0007055.jpg 1 314 264 65 114
positive\1626696479.5760505.jpg 0
positive\1626696479.6079652.jpg 0
positive\1626696479.672792.jpg 1 319 196 58 74
positive\1626696479.704107.jpg 1 308 177 63 70
positive\1626696479.7682676.jpg 1 293 163 61 56
positive\1626696479.800182.jpg 1 279 158 69 70
positive\1626696479.8799684.jpg 1 257 183 72 76
positive\1626696479.9123933.jpg 0
positive\1626696479.9759417.jpg 1 229 288 63 97
positive\1626696480.3765297.jpg 0
positive\1626696480.4084728.jpg 1 215 267 59 77
positive\1626696480.4722753.jpg 1 223 206 63 76
positive\1626696480.5041873.jpg 1 229 185 61 79
positive\1626696480.5683541.jpg 1 243 180 57 77
positive\1626696480.599994.jpg 1 248 189 56 73
positive\1626696480.6800535.jpg 1 256 225 61 87
positive\1626696480.7118838.jpg 1 258 251 68 98
positive\1626696481.080121.jpg 1 281 277 72 66
positive\1626696481.1119652.jpg 1 289 256 57 63
positive\1626696481.2084546.jpg 1 283 230 52 60
positive\1626696481.2719157.jpg 1 268 246 65 73
positive\1626696481.3048282.jpg 1 268 261 58 90
positive\1626696635.2425563.jpg 1 252 240 56 74
positive\1626696635.3612328.jpg 1 271 190 52 69
positive\1626696635.4759572.jpg 1 283 195 61 63
positive\1626696635.5906577.jpg 1 311 296 58 83
positive\1626696636.1785555.jpg 1 359 252 60 87
positive\1626696636.298509.jpg 1 348 180 48 57
positive\1626696636.4173932.jpg 1 322 186 59 58
positive\1626696636.5350764.jpg 0
positive\1626696637.1289783.jpg 1 274 150 59 64
positive\1626696637.2535553.jpg 1 299 138 54 59
positive\1626696637.3713925.jpg 1 315 183 59 74
positive\1626696637.4845865.jpg 0
positive\1626696637.8267455.jpg 0
positive\1626696637.9416842.jpg 1 338 225 50 68
positive\1626696638.0649874.jpg 1 303 195 59 66
positive\1626696638.187708.jpg 1 277 226 58 70
positive\1626696638.3041418.jpg 0
positive\1626696638.4173403.jpg 0
positive\1626696638.5391345.jpg 0
positive\1626696638.6601725.jpg 0
positive\1626696638.7728078.jpg 0
positive\1626696638.8872201.jpg 1 293 226 62 59
positive\1626696639.007587.jpg 1 325 219 61 64
positive\1626696639.1285906.jpg 1 362 276 55 78
positive\1626696639.2462342.jpg 0
positive\1626696639.3601875.jpg 0
positive\1626696639.4834824.jpg 0
positive\1626696639.6072624.jpg 0
positive\1626696639.7229743.jpg 0
positive\1626696639.8366337.jpg 1 270 208 69 70
positive\1626696639.9500227.jpg 1 224 272 69 86
positive\1626696640.0653949.jpg 0
positive\1626696640.18863.jpg 0
positive\1626696640.5296862.jpg 1 267 202 56 55
positive\1626696640.6463394.jpg 1 291 214 54 65
positive\1626696640.7612767.jpg 0
positive\1626696640.884571.jpg 0
positive\1626696641.3455346.jpg 1 305 233 61 57
positive\1626696641.4584627.jpg 1 264 226 66 55
positive\1626696641.573607.jpg 0
positive\1626696642.0464182.jpg 0
positive\1626696642.1610734.jpg 1 242 230 62 53
positive\1626696642.2751412.jpg 1 273 241 56 64
positive\1626696642.3881047.jpg 0
positive\1626696642.8704255.jpg 1 293 262 60 56
positive\1626696642.98433.jpg 1 248 278 69 59
positive\1626696643.2203398.jpg 0
positive\1626696643.3431594.jpg 0
positive\1626696643.6856773.jpg 1 292 235 58 68
positive\1626696643.8003728.jpg 0
positive\1626696643.9251075.jpg 0
positive\1626696644.0495992.jpg 0
positive\1626696644.400363.jpg 1 301 252 56 57
positive\1626696644.518008.jpg 1 267 271 59 74
positive\1626696648.1302164.jpg 1 333 172 57 63
positive\1626696648.2454643.jpg 1 298 132 56 53
positive\1626696648.3653874.jpg 1 255 154 61 63
positive\1626696648.488119.jpg 0
positive\1626696648.6022432.jpg 0
positive\1626696648.8398194.jpg 0
positive\1626696648.9543004.jpg 0
positive\1626696649.0680923.jpg 0
positive\1626696649.183172.jpg 1 240 193 58 55
positive\1626696649.29767.jpg 1 270 201 56 60
positive\1626696649.4157412.jpg 0
positive\1626696649.5288658.jpg 0
positive\1626696649.6441565.jpg 0
positive\1626696649.9840949.jpg 0
positive\1626696650.0981853.jpg 1 262 223 53 56
positive\1626696650.211288.jpg 1 232 216 55 55
positive\1626696651.0358636.jpg 1 210 241 58 50
positive\1626696651.1516254.jpg 1 226 264 58 69
positive\1626696651.616162.jpg 0
positive\1626696651.728598.jpg 1 237 243 59 66
positive\1626696651.8433745.jpg 1 216 225 58 58
positive\1626696651.957685.jpg 1 190 265 62 76
positive\1626696652.4229097.jpg 0
positive\1626696652.5409954.jpg 1 193 251 91 81
positive\1626696652.6553102.jpg 1 243 246 101 82
positive\1626696652.7720175.jpg 0
positive\1626696653.4601657.jpg 1 269 267 99 95
positive\1626696653.5751505.jpg 0
positive\1626881273.4896994.jpg 0
positive\1626881273.9042678.jpg 1 234 135 68 69
positive\1626881274.3183334.jpg 0
positive\1626881274.735165.jpg 0
positive\1626881275.149567.jpg 1 236 91 59 55
positive\1626881275.565784.jpg 0
positive\1626881275.9803488.jpg 0
positive\1626881276.4001782.jpg 1 249 126 62 62
positive\1626881276.8199093.jpg 0
positive\1626881277.2350008.jpg 1 276 153 62 56
positive\1626881277.6535656.jpg 0
positive\1626881278.0721292.jpg 0
positive\1626881278.4916472.jpg 1 313 137 52 52
positive\1626881278.906516.jpg 0
positive\1626881279.3242877.jpg 0
positive\1626881279.7393606.jpg 0
positive\1626881290.1365533.jpg 2 138 11 253 243 386 210 238 232
positive\1626881290.5516438.jpg 1 181 169 229 219
positive\1626881290.97618.jpg 1 131 191 211 202
positive\1626881291.40129.jpg 0
positive\1626881291.8158998.jpg 2 87 195 226 204 344 282 198 190
positive\1626881292.2293434.jpg 2 304 224 185 187 20 180 255 218
positive\1626881292.6423995.jpg 1 194 246 172 172
positive\1626881293.0559554.jpg 1 158 224 178 169
positive\1626881293.469663.jpg 1 155 207 183 173
positive\1626881293.8842678.jpg 1 192 213 185 169
positive\1626881294.3093383.jpg 1 269 194 162 169
positive\1626881294.7327442.jpg 2 77 181 236 210 356 215 188 186
positive\1626881295.1477966.jpg 2 412 213 224 229 165 151 215 227
positive\1626881295.5606055.jpg 1 129 162 217 210
positive\1626881295.975188.jpg 1 180 142 207 201
positive\1626881296.401584.jpg 1 161 97 206 186
positive\1626881296.8156288.jpg 1 151 59 202 197
positive\1626881297.2407582.jpg 1 281 32 196 189
positive\1626881297.6533756.jpg 2 335 26 201 187 284 244 224 205
positive\1626881298.0686855.jpg 2 310 211 240 223 380 1 222 191
positive\1626881298.4841547.jpg 2 433 1 204 177 347 190 215 209
positive\1626881298.909012.jpg 1 360 147 235 218
positive\1626881299.3234186.jpg 1 404 186 218 205
positive\1626881299.7376544.jpg 0
positive\1626881300.1518917.jpg 1 389 202 212 183
positive\1626881300.565392.jpg 1 375 95 210 185
positive\1626881300.978918.jpg 1 367 82 203 188
positive\1626881301.3944733.jpg 1 358 3 230 203
positive\1626881301.8078306.jpg 0
positive\1626881303.8995914.jpg 1 91 11 180 183
positive\1626881304.3255832.jpg 2 208 2 161 147 19 70 193 174
positive\1626881304.7404704.jpg 2 189 66 151 155 4 136 181 180
positive\1626881305.1559737.jpg 2 184 107 143 151 6 167 175 169
positive\1626881305.5697112.jpg 2 174 125 135 137 2 169 149 182
positive\1626881305.9852736.jpg 2 177 140 136 151 7 199 162 184
positive\1626881306.3986955.jpg 2 45 241 166 156 201 154 139 155
positive\1626881306.8130615.jpg 2 216 169 142 142 60 275 199 156
positive\1626881307.2384505.jpg 3 211 182 150 141 78 320 283 3 78 320 203 157
positive\1626881307.6621473.jpg 2 125 356 174 121 192 193 159 144
positive\1626881308.0771937.jpg 1 199 222 137 137
positive\1626881308.4922352.jpg 1 196 283 149 144
positive\1626881308.9076796.jpg 1 196 292 148 140
positive\1626881309.3337364.jpg 1 173 275 140 133
positive\1626881309.7515628.jpg 2 167 223 153 124 337 283 145 163
positive\1626881310.1660564.jpg 2 164 193 156 127 338 240 149 152
positive\1626881310.5806158.jpg 2 329 190 132 132 121 148 176 147
positive\1626881311.0006373.jpg 2 138 151 151 136 312 166 148 144
positive\1626881311.4262.jpg 2 145 172 155 164 317 176 133 132
positive\1626881311.8433878.jpg 2 78 199 173 136 256 164 134 126
positive\1626881312.259318.jpg 2 200 170 141 114 30 213 180 154
positive\1626881312.6741376.jpg 3 43 238 156 155 43 238 156 155 185 174 129 132
positive\1626881313.1009033.jpg 2 13 292 179 155 170 207 115 115
positive\1626881313.5153399.jpg 2 139 193 109 111 5 294 169 146
positive\1626881313.9304128.jpg 2 130 185 109 117 3 284 159 155
positive\1626881314.3456733.jpg 2 157 199 113 111 4 281 173 157
positive\1626881314.7595556.jpg 2 5 267 132 182 112 190 119 113
positive\1626881315.1740208.jpg 2 113 225 141 111 5 325 169 154
positive\1626881315.5885813.jpg 2 123 257 122 123 7 375 173 103
positive\1626881316.0031326.jpg 1 145 254 115 120
positive\1626881316.4278848.jpg 2 19 327 212 150 111 199 121 123
positive\1626881316.8432941.jpg 2 13 188 209 165 63 49 154 139
positive\1626881317.2563033.jpg 2 64 211 247 199 81 61 168 151
positive\1626881317.6708362.jpg 2 99 138 170 156 105 316 247 158
positive\1626881318.095785.jpg 2 78 85 175 177 106 288 241 187
positive\1626881318.51675.jpg 2 73 113 202 182 190 318 262 160
positive\1626881318.9312665.jpg 2 86 127 194 188 260 311 214 166
positive\1626881319.347826.jpg 1 158 191 193 188
positive\1626881319.7672265.jpg 2 356 277 208 196 150 177 196 179
positive\1626881320.1903558.jpg 2 175 151 178 184 376 202 184 179
positive\1626881320.603268.jpg 2 147 175 180 175 347 174 163 163
positive\1626881321.0181646.jpg 2 95 199 193 171 304 169 154 164
positive\1626881321.4332433.jpg 2 287 183 155 158 85 235 201 178
positive\1626881321.8588448.jpg 2 112 278 211 188 303 180 171 168
positive\1626881322.2744071.jpg 2 184 230 177 171 358 159 155 150
positive\1626881322.6887946.jpg 2 210 206 168 165 396 148 163 157
positive\1626881323.1019065.jpg 2 197 154 171 159 400 124 170 167
positive\1626881471.5322068.jpg 1 215 315 160 164
positive\1626881471.9502637.jpg 2 231 208 151 178 383 208 163 209
positive\1626881472.3646748.jpg 0
positive\1626881472.7786477.jpg 0
positive\1626881473.1909385.jpg 2 135 188 172 181 308 189 160 194
positive\1626881473.6025715.jpg 2 70 184 169 203 240 184 164 217
positive\1626881474.0160065.jpg 2 43 152 175 232 218 152 173 233
positive\1626881474.43452.jpg 0
positive\1626881474.8506567.jpg 2 130 155 154 144 259 237 155 161
positive\1626881475.2629232.jpg 2 195 182 147 142 270 267 171 180
positive\1626881475.6755404.jpg 0
positive\1626881476.0891125.jpg 0
positive\1626881476.5066307.jpg 2 240 127 149 129 246 251 225 185
positive\1626881476.9264157.jpg 2 261 105 145 128 304 231 186 164
positive\1626881477.3388941.jpg 2 239 114 130 132 330 217 173 172
positive\1626881477.7519662.jpg 2 228 106 152 148 380 183 205 175
positive\1626881478.1660697.jpg 2 201 140 159 153 381 195 200 203
positive\1626881478.577642.jpg 2 175 180 160 161 370 190 170 187
positive\1626881478.9978054.jpg 2 197 162 152 139 371 122 176 188
positive\1626881479.4102037.jpg 2 163 224 159 142 345 186 175 163
positive\1626881479.8235362.jpg 2 190 209 167 136 369 140 162 167
positive\1626881480.236595.jpg 2 264 162 162 156 426 100 170 159
positive\1626881480.660705.jpg 2 335 143 174 151 493 50 145 177
positive\1626881481.0729136.jpg 2 286 208 175 176 465 111 172 187
positive\1626881481.4865792.jpg 0
positive\1626881481.9000974.jpg 0
positive\1626881482.3171682.jpg 0
positive\1626881482.7354314.jpg 1 284 242 210 203
positive\1626881483.1490946.jpg 1 309 254 188 183
positive\1626881483.563693.jpg 1 317 264 203 193
positive\1626881483.9782307.jpg 1 325 214 162 167
positive\1626881484.4065962.jpg 2 215 247 168 165 390 188 166 157
positive\1626881484.827465.jpg 2 189 244 157 146 357 169 138 164
positive\1626881485.2412643.jpg 2 224 216 151 146 389 141 149 157
positive\1626881485.6551337.jpg 2 241 210 163 149 397 99 176 175
positive\1626881486.069686.jpg 2 264 209 165 161 421 103 180 167
positive\1626881486.483797.jpg 2 230 230 169 151 394 137 168 163
positive\1626881486.9052086.jpg 2 90 232 183 179 289 207 198 181
positive\1626881487.3178575.jpg 0
positive\1626881487.731393.jpg 0
positive\1626881489.8225164.jpg 2 96 144 163 138 21 286 241 186
positive\1626881490.2488704.jpg 1 199 210 151 138
positive\1626881490.6738048.jpg 0
positive\1626881491.086483.jpg 2 276 137 123 124 183 251 164 158
positive\1626881491.500011.jpg 2 245 150 123 110 152 246 156 156
positive\1626881491.9155717.jpg 2 218 105 175 159 323 1 158 130
positive\1626881492.3395863.jpg 2 263 58 205 167 431 5 152 96
positive\1626881492.7645266.jpg 2 200 27 191 183 380 0 176 111
positive\1626881493.5906768.jpg 2 376 2 176 157 182 31 176 165
positive\1626881496.0738547.jpg 2 213 16 119 137 10 8 171 137
positive\1626881496.4978647.jpg 2 47 75 145 122 216 80 124 117
positive\1626881496.9122431.jpg 2 64 125 149 116 234 119 116 124
positive\1626881497.3264008.jpg 2 65 119 147 116 240 126 114 133
positive\1626881497.7398474.jpg 2 57 108 151 127 215 125 134 134
positive\1626881498.1643376.jpg 2 44 86 166 145 223 112 127 154
positive\1626881498.5798075.jpg 2 44 92 159 139 217 125 132 135
positive\1626881498.9980533.jpg 2 22 120 152 146 187 137 136 139
positive\1626881499.413814.jpg 0
positive\1626881499.828382.jpg 0
positive\1626881500.254771.jpg 1 185 249 151 149
positive\1626881500.6798081.jpg 1 188 263 164 150
positive\1626881501.096818.jpg 1 202 314 145 138
positive\1626881501.5113902.jpg 1 250 212 148 128
positive\1626881501.9259503.jpg 2 269 158 234 194 251 11 192 163
positive\1626881513.2483795.jpg 2 148 123 164 150 319 41 161 142
positive\1626881513.6638134.jpg 2 107 121 170 167 299 34 181 196
positive\1626881514.0795586.jpg 2 209 32 163 156 12 140 188 169
positive\1626881514.495449.jpg 2 36 159 170 160 202 34 159 171
positive\1626881514.9172194.jpg 1 98 120 167 152
positive\1626881515.3310273.jpg 1 208 91 153 163
positive\1626881515.7477098.jpg 1 221 92 143 132
positive\1626881516.1630855.jpg 1 160 98 148 134
positive\1626881516.5900977.jpg 2 144 155 157 134 99 1 172 120
positive\1626881517.009644.jpg 2 152 90 138 133 150 229 170 141
positive\1626881517.4249961.jpg 2 166 270 129 154 169 120 126 129
positive\1626881517.8414178.jpg 2 202 280 147 137 212 129 128 137
positive\1626881518.2575152.jpg 2 238 300 128 126 284 141 113 144
positive\1626881518.6848497.jpg 2 197 293 150 137 272 160 162 127
positive\1626881519.100159.jpg 2 274 167 143 149 144 303 166 141
positive\1626881519.5215814.jpg 2 271 144 138 152 106 278 187 154
positive\1626881519.9364457.jpg 2 275 146 136 154 107 265 163 139
positive\1626881520.351552.jpg 2 286 165 145 149 105 265 163 144
positive\1626881520.7693481.jpg 2 271 151 161 151 98 233 151 160
positive\1626881521.1838276.jpg 2 273 161 146 138 74 228 171 151
positive\1626881521.599267.jpg 2 264 156 155 148 58 216 170 145
positive\1626881522.0141702.jpg 2 52 205 156 140 250 155 165 178
positive\1626881522.4416335.jpg 2 262 167 164 160 42 188 185 159
positive\1626881522.8688512.jpg 2 84 197 173 167 301 176 162 170
positive\1626881523.2908792.jpg 2 95 198 186 159 318 173 167 170
positive\1626881523.705171.jpg 2 344 173 172 160 143 209 179 155
positive\1626881524.1213772.jpg 2 183 232 145 151 338 163 188 166
positive\1626881524.550763.jpg 2 170 259 171 141 337 148 169 157
positive\1626881524.9757888.jpg 2 197 234 164 147 330 96 168 145
positive\1626881525.3956923.jpg 2 231 194 170 144 306 43 162 143
positive\1626881525.811319.jpg 2 230 175 148 129 265 8 174 134
positive\1626881526.225535.jpg 2 244 182 156 118 258 12 153 136
positive\1626881526.640643.jpg 2 243 204 148 138 271 42 158 142
positive\1626881527.0659916.jpg 2 247 212 151 117 295 52 145 138
positive\1626881527.4805973.jpg 2 258 219 167 128 300 31 149 169
positive\1626881527.8970711.jpg 2 227 223 160 150 311 69 143 152
positive\17.jpg 1 367 223 52 84
positive\19.jpg 1 275 280 58 69
positive\20.jpg 1 252 152 62 68
positive\23.jpg 1 250 157 56 60
positive\24.jpg 0
positive\27.jpg 1 157 68 133 149
positive\29.jpg 0
positive\32.jpg 1 284 99 156 149
positive\34.jpg 0
positive\35.jpg 1 301 232 150 176
positive\37.jpg 0
positive\43.jpg 0
positive\45.jpg 0
positive\48.jpg 1 279 223 146 144
positive\50.jpg 0
positive\51.jpg 1 345 256 147 185
positive\53.jpg 1 364 259 148 137
positive\56.jpg 1 330 167 144 128
positive\59.jpg 1 308 114 140 126
positive\64.jpg 1 228 171 122 132
positive\69.jpg 1 362 182 134 128
positive\7.jpg 1 430 137 58 64
positive\70.jpg 0
positive\71.jpg 0
positive\72.jpg 0
positive\73.jpg 0
positive\75.jpg 1 103 125 182 179
positive\77.jpg 1 236 199 170 157
positive\79.jpg 0
positive\80.jpg 0
positive\81.jpg 0
positive\85.jpg 1 302 267 107 104
positive\87.jpg 0
positive\88.jpg 0
positive\9.jpg 0
positive\90.jpg 0
positive\93.jpg 1 304 285 106 125
positive\95.jpg 1 285 230 108 100
positive\97.jpg 1 218 270 101 103
positive\98.jpg 1 363 318 97 120
