positive\1626881290.1365533.jpg 2 138 11 253 243 386 210 238 232
positive\1626881290.5516438.jpg 1 181 169 229 219
positive\1626881290.97618.jpg 1 131 191 211 202
positive\1626881291.40129.jpg 0
positive\1626881291.8158998.jpg 2 87 195 226 204 344 282 198 190
positive\1626881292.2293434.jpg 2 304 224 185 187 20 180 255 218
positive\1626881292.6423995.jpg 1 194 246 172 172
positive\1626881293.0559554.jpg 1 158 224 178 169
positive\1626881293.469663.jpg 1 155 207 183 173
positive\1626881293.8842678.jpg 1 192 213 185 169
positive\1626881294.3093383.jpg 1 269 194 162 169
positive\1626881294.7327442.jpg 2 77 181 236 210 356 215 188 186
positive\1626881295.1477966.jpg 2 412 213 224 229 165 151 215 227
positive\1626881295.5606055.jpg 1 129 162 217 210
positive\1626881295.975188.jpg 1 180 142 207 201
positive\1626881296.401584.jpg 1 161 97 206 186
positive\1626881296.8156288.jpg 1 151 59 202 197
positive\1626881297.2407582.jpg 1 281 32 196 189
positive\1626881297.6533756.jpg 2 335 26 201 187 284 244 224 205
positive\1626881298.0686855.jpg 2 310 211 240 223 380 1 222 191
positive\1626881298.4841547.jpg 2 433 1 204 177 347 190 215 209
positive\1626881298.909012.jpg 1 360 147 235 218
positive\1626881299.3234186.jpg 1 404 186 218 205
positive\1626881299.7376544.jpg 0
positive\1626881300.1518917.jpg 1 389 202 212 183
positive\1626881300.565392.jpg 1 375 95 210 185
positive\1626881300.978918.jpg 1 367 82 203 188
positive\1626881301.3944733.jpg 1 358 3 230 203
positive\1626881301.8078306.jpg 0
positive\1626881303.8995914.jpg 1 91 11 180 183
positive\1626881304.3255832.jpg 2 208 2 161 147 19 70 193 174
positive\1626881304.7404704.jpg 2 189 66 151 155 4 136 181 180
positive\1626881305.1559737.jpg 2 184 107 143 151 6 167 175 169
positive\1626881305.5697112.jpg 2 174 125 135 137 2 169 149 182
positive\1626881305.9852736.jpg 2 177 140 136 151 7 199 162 184
positive\1626881306.3986955.jpg 2 45 241 166 156 201 154 139 155
positive\1626881306.8130615.jpg 2 216 169 142 142 60 275 199 156
positive\1626881307.2384505.jpg 3 211 182 150 141 78 320 283 3 78 320 203 157
positive\1626881307.6621473.jpg 2 125 356 174 121 192 193 159 144
positive\1626881308.0771937.jpg 1 199 222 137 137
positive\1626881308.4922352.jpg 1 196 283 149 144
positive\1626881308.9076796.jpg 1 196 292 148 140
positive\1626881309.3337364.jpg 1 173 275 140 133
positive\1626881309.7515628.jpg 2 167 223 153 124 337 283 145 163
positive\1626881310.1660564.jpg 2 164 193 156 127 338 240 149 152
positive\1626881310.5806158.jpg 2 329 190 132 132 121 148 176 147
positive\1626881311.0006373.jpg 2 138 151 151 136 312 166 148 144
positive\1626881311.4262.jpg 2 145 172 155 164 317 176 133 132
positive\1626881311.8433878.jpg 2 78 199 173 136 256 164 134 126
positive\1626881312.259318.jpg 2 200 170 141 114 30 213 180 154
positive\1626881312.6741376.jpg 3 43 238 156 155 43 238 156 155 185 174 129 132
positive\1626881313.1009033.jpg 2 13 292 179 155 170 207 115 115
positive\1626881313.5153399.jpg 2 139 193 109 111 5 294 169 146
positive\1626881313.9304128.jpg 2 130 185 109 117 3 284 159 155
positive\1626881314.3456733.jpg 2 157 199 113 111 4 281 173 157
positive\1626881314.7595556.jpg 2 5 267 132 182 112 190 119 113
positive\1626881315.1740208.jpg 2 113 225 141 111 5 325 169 154
positive\1626881315.5885813.jpg 2 123 257 122 123 7 375 173 103
positive\1626881316.0031326.jpg 1 145 254 115 120
positive\1626881316.4278848.jpg 2 19 327 212 150 111 199 121 123
positive\1626881316.8432941.jpg 2 13 188 209 165 63 49 154 139
positive\1626881317.2563033.jpg 2 64 211 247 199 81 61 168 151
positive\1626881317.6708362.jpg 2 99 138 170 156 105 316 247 158
positive\1626881318.095785.jpg 2 78 85 175 177 106 288 241 187
positive\1626881318.51675.jpg 2 73 113 202 182 190 318 262 160
positive\1626881318.9312665.jpg 2 86 127 194 188 260 311 214 166
positive\1626881319.347826.jpg 1 158 191 193 188
positive\1626881319.7672265.jpg 2 356 277 208 196 150 177 196 179
positive\1626881320.1903558.jpg 2 175 151 178 184 376 202 184 179
positive\1626881320.603268.jpg 2 147 175 180 175 347 174 163 163
positive\1626881321.0181646.jpg 2 95 199 193 171 304 169 154 164
positive\1626881321.4332433.jpg 2 287 183 155 158 85 235 201 178
positive\1626881321.8588448.jpg 2 112 278 211 188 303 180 171 168
positive\1626881322.2744071.jpg 2 184 230 177 171 358 159 155 150
positive\1626881322.6887946.jpg 2 210 206 168 165 396 148 163 157
positive\1626881323.1019065.jpg 2 197 154 171 159 400 124 170 167
positive\1626881471.5322068.jpg 1 215 315 160 164
positive\1626881471.9502637.jpg 2 231 208 151 178 383 208 163 209
positive\1626881472.3646748.jpg 0
positive\1626881472.7786477.jpg 0
positive\1626881473.1909385.jpg 2 135 188 172 181 308 189 160 194
positive\1626881473.6025715.jpg 2 70 184 169 203 240 184 164 217
positive\1626881474.0160065.jpg 2 43 152 175 232 218 152 173 233
positive\1626881474.43452.jpg 0
positive\1626881474.8506567.jpg 2 130 155 154 144 259 237 155 161
positive\1626881475.2629232.jpg 2 195 182 147 142 270 267 171 180
positive\1626881475.6755404.jpg 0
positive\1626881476.0891125.jpg 0
positive\1626881476.5066307.jpg 2 240 127 149 129 246 251 225 185
positive\1626881476.9264157.jpg 2 261 105 145 128 304 231 186 164
positive\1626881477.3388941.jpg 2 239 114 130 132 330 217 173 172
positive\1626881477.7519662.jpg 2 228 106 152 148 380 183 205 175
positive\1626881478.1660697.jpg 2 201 140 159 153 381 195 200 203
positive\1626881478.577642.jpg 2 175 180 160 161 370 190 170 187
positive\1626881478.9978054.jpg 2 197 162 152 139 371 122 176 188
positive\1626881479.4102037.jpg 2 163 224 159 142 345 186 175 163
positive\1626881479.8235362.jpg 2 190 209 167 136 369 140 162 167
positive\1626881480.236595.jpg 2 264 162 162 156 426 100 170 159
positive\1626881480.660705.jpg 2 335 143 174 151 493 50 145 177
positive\1626881481.0729136.jpg 2 286 208 175 176 465 111 172 187
positive\1626881481.4865792.jpg 0
positive\1626881481.9000974.jpg 0
positive\1626881482.3171682.jpg 0
positive\1626881482.7354314.jpg 1 284 242 210 203
positive\1626881483.1490946.jpg 1 309 254 188 183
positive\1626881483.563693.jpg 1 317 264 203 193
positive\1626881483.9782307.jpg 1 325 214 162 167
positive\1626881484.4065962.jpg 2 215 247 168 165 390 188 166 157
positive\1626881484.827465.jpg 2 189 244 157 146 357 169 138 164
positive\1626881485.2412643.jpg 2 224 216 151 146 389 141 149 157
positive\1626881485.6551337.jpg 2 241 210 163 149 397 99 176 175
positive\1626881486.069686.jpg 2 264 209 165 161 421 103 180 167
positive\1626881486.483797.jpg 2 230 230 169 151 394 137 168 163
positive\1626881486.9052086.jpg 2 90 232 183 179 289 207 198 181
positive\1626881487.3178575.jpg 0
positive\1626881487.731393.jpg 0
positive\1626881489.8225164.jpg 2 96 144 163 138 21 286 241 186
positive\1626881490.2488704.jpg 1 199 210 151 138
positive\1626881490.6738048.jpg 0
positive\1626881491.086483.jpg 2 276 137 123 124 183 251 164 158
positive\1626881491.500011.jpg 2 245 150 123 110 152 246 156 156
positive\1626881491.9155717.jpg 2 218 105 175 159 323 1 158 130
positive\1626881492.3395863.jpg 2 263 58 205 167 431 5 152 96
positive\1626881492.7645266.jpg 2 200 27 191 183 380 0 176 111
positive\1626881493.5906768.jpg 2 376 2 176 157 182 31 176 165
positive\1626881496.0738547.jpg 2 213 16 119 137 10 8 171 137
positive\1626881496.4978647.jpg 2 47 75 145 122 216 80 124 117
positive\1626881496.9122431.jpg 2 64 125 149 116 234 119 116 124
positive\1626881497.3264008.jpg 2 65 119 147 116 240 126 114 133
positive\1626881497.7398474.jpg 2 57 108 151 127 215 125 134 134
positive\1626881498.1643376.jpg 2 44 86 166 145 223 112 127 154
positive\1626881498.5798075.jpg 2 44 92 159 139 217 125 132 135
positive\1626881498.9980533.jpg 2 22 120 152 146 187 137 136 139
positive\1626881499.413814.jpg 0
positive\1626881499.828382.jpg 0
positive\1626881500.254771.jpg 1 185 249 151 149
positive\1626881500.6798081.jpg 1 188 263 164 150
positive\1626881501.096818.jpg 1 202 314 145 138
positive\1626881501.5113902.jpg 1 250 212 148 128
positive\1626881501.9259503.jpg 2 269 158 234 194 251 11 192 163
positive\1626881513.2483795.jpg 2 148 123 164 150 319 41 161 142
positive\1626881513.6638134.jpg 2 107 121 170 167 299 34 181 196
positive\1626881514.0795586.jpg 2 209 32 163 156 12 140 188 169
positive\1626881514.495449.jpg 2 36 159 170 160 202 34 159 171
positive\1626881514.9172194.jpg 1 98 120 167 152
positive\1626881515.3310273.jpg 1 208 91 153 163
positive\1626881515.7477098.jpg 1 221 92 143 132
positive\1626881516.1630855.jpg 1 160 98 148 134
positive\1626881516.5900977.jpg 2 144 155 157 134 99 1 172 120
positive\1626881517.009644.jpg 2 152 90 138 133 150 229 170 141
positive\1626881517.4249961.jpg 2 166 270 129 154 169 120 126 129
positive\1626881517.8414178.jpg 2 202 280 147 137 212 129 128 137
positive\1626881518.2575152.jpg 2 238 300 128 126 284 141 113 144
positive\1626881518.6848497.jpg 2 197 293 150 137 272 160 162 127
positive\1626881519.100159.jpg 2 274 167 143 149 144 303 166 141
positive\1626881519.5215814.jpg 2 271 144 138 152 106 278 187 154
positive\1626881519.9364457.jpg 2 275 146 136 154 107 265 163 139
positive\1626881520.351552.jpg 2 286 165 145 149 105 265 163 144
positive\1626881520.7693481.jpg 2 271 151 161 151 98 233 151 160
positive\1626881521.1838276.jpg 2 273 161 146 138 74 228 171 151
positive\1626881521.599267.jpg 2 264 156 155 148 58 216 170 145
positive\1626881522.0141702.jpg 2 52 205 156 140 250 155 165 178
positive\1626881522.4416335.jpg 2 262 167 164 160 42 188 185 159
positive\1626881522.8688512.jpg 2 84 197 173 167 301 176 162 170
positive\1626881523.2908792.jpg 2 95 198 186 159 318 173 167 170
positive\1626881523.705171.jpg 2 344 173 172 160 143 209 179 155
positive\1626881524.1213772.jpg 2 183 232 145 151 338 163 188 166
positive\1626881524.550763.jpg 2 170 259 171 141 337 148 169 157
positive\1626881524.9757888.jpg 2 197 234 164 147 330 96 168 145
positive\1626881525.3956923.jpg 2 231 194 170 144 306 43 162 143
positive\1626881525.811319.jpg 2 230 175 148 129 265 8 174 134
positive\1626881526.225535.jpg 2 244 182 156 118 258 12 153 136
positive\1626881526.640643.jpg 2 243 204 148 138 271 42 158 142
positive\1626881527.0659916.jpg 2 247 212 151 117 295 52 145 138
positive\1626881527.4805973.jpg 2 258 219 167 128 300 31 149 169
positive\1626881527.8970711.jpg 2 227 223 160 150 311 69 143 152
positive\17.jpg 1 367 223 52 84
positive\19.jpg 1 275 280 58 69
positive\20.jpg 1 252 152 62 68
positive\23.jpg 1 250 157 56 60
positive\24.jpg 0
positive\27.jpg 1 157 68 133 149
positive\29.jpg 0
positive\32.jpg 1 284 99 156 149
positive\34.jpg 0
positive\35.jpg 1 301 232 150 176
positive\37.jpg 0
positive\43.jpg 0
positive\45.jpg 0
positive\48.jpg 1 279 223 146 144
positive\50.jpg 0
positive\51.jpg 1 345 256 147 185
positive\53.jpg 1 364 259 148 137
positive\56.jpg 1 330 167 144 128
positive\59.jpg 1 308 114 140 126
positive\64.jpg 1 228 171 122 132
positive\69.jpg 1 362 182 134 128
positive\7.jpg 1 430 137 58 64
positive\70.jpg 0
positive\71.jpg 0
positive\72.jpg 0
positive\73.jpg 0
positive\75.jpg 1 103 125 182 179
positive\77.jpg 1 236 199 170 157
positive\79.jpg 0
positive\80.jpg 0
positive\81.jpg 0
positive\85.jpg 1 302 267 107 104
positive\87.jpg 0
positive\88.jpg 0
positive\9.jpg 0
positive\90.jpg 0
positive\93.jpg 1 304 285 106 125
positive\95.jpg 1 285 230 108 100
positive\97.jpg 1 218 270 101 103
positive\98.jpg 1 363 318 97 120